3665462
9890063
22835862
47171352
64443780
70801954
124957513
126043569
128741192
134289466
136111810
139911276
148192351
192822077
205063944
215803401
228707503
240852356
245493179
273452276
282574060
285351852
286357328
303848217
306835339
323947376
325612650
339091764
342097679
344400922
349715611
367287099
378441109
392453925
398333539
403393510
410358392
418370761
479146676
482547138
490820254
501886270
513832848
521091138
559803657
568547966
569710543
584150729
586512126
596050597
600005013
644393149
651341979
674054690
682866001
707936958
737173243
746399675
755735045
755997684
780398351
787053208
798091840
813419609
817349652
825568250
829927608
850496195
900039898
912592129
918958498
935734691
942949174
947144007
951801068
954156025
965337703
965657390
968962626
986008442
1002784635
1007701177
1017170288
1019560828
1023210429
1025479242
1041478607
1048528336
1048844735
1050311047
1084665027
1093917647
1100293148
1102949295
1111716559
1122566001
1142995913
1149705091
1206194853
1207608939
1208215111
1252463736
1254213530
1260545442
1263030441
1299429731
1306816962
1309010682
1309225874
1327789432
1330594191
1339810592
1346876927
1351223123
1351477321
1358672803
1378532672
1387806142
1401155144
1405505842
1412317363
1429807944
1440428058
1450806132
1464082736
1474485669
1483424924
1496221341
1543562190
1555766005
1564525382
1581301575
1585712925
1620993893
1626357408
1633276076
1638477569
1666214065
1705467009
1710549126
1722749855
1727254213
1734899507
1738489770
1738587464
1751390090
1753934186
1754225382
1756009668
1756043169
1772083286
1782236775
1784723236
1789276326
1806531933
1806731412
1835816498
1875324114
1876102858
1892268243
1911406200
1913536945
1936631744
1952276295
1968741063
2026820508
2031437996
2036981620
2055980182
2099481750
2101528308
2119621656
2131041748
2134213627
2160829092
2167633157
2171553947
2172979854
2195953506
2206954284
2208577992
2210364327
2224493031
2241319517
2245310598
2253778838
2295565634
2296439887
2310457328
2315369953
2346203194
2402929283
2431987986
2547674739
2563705732
2566255831
2578126125
2605448078
2619975940
2628809843
2643526920
2680850540
2712503850
2713841775
2721415626
2736280241
2737520973
2744360209
2751378835
2758432755
2771421366
2777103191
2780099222
2781827095
2808396209
2812694193
2816432958
2839735717
2849985344
2878528085
2879713413
2884811715
2891606885
2927660348
2931530428
2948156112
2955976320
2967058868
2985714110
2995027404
3036104073
3046242334
3052074622
3062133574
3098044407
3105921146
3123912061
3147488306
3162922547
3195311502
3209993291
3212087695
3217084531
3232520297
3248985024
3264689740
3268083961
3352588035
3355443682
3356547342
3392191254
3393324990
3404661041
3408593205
3410315159
3454510354
3470283783
3471061614
3472646099
3486732933
3509370316
3513733452
3516136761
3517897268
3548696048
3548972857
3553529294
3562781084
3601243395
3606717189
3624908773
3628103616
3629172183
3642174414
3643129570
3647059107
3647956257
3648851585
3677965734
3690107005
3691671140
3702481021
3721116565
3724168941
3730071461
3734559919
3768356341
3783422770
3815480236
3815630116
3820515367
3821414141
3842476623
3851123128
3860026487
3865843727
3912632206
3952641574
3970027056
3980708478
3985258303
3995491827
4002133079
4003680145
4003697804
4045404173
4056308238
4067584100
4074755061
4081048385
4084690210
4087766399
4109383928
4128824216
4151045978
4164502037
4194021002
4214260644
4218474082
4222393340
4230178205
4231458640
4252587729
4279558455
4287727328
